function KR1
    ax = [1,1,0;0,-1,1;-1,0,1]
    bx = ax^(-1)
    c = [1,1,1]
    u = c*bx
    a = [1,1,0,2,0,1,0,0;0,-1,1,0,2,0,1,0;-1,0,1,-1,2,0,0,1]
    d = u*a-[1,1,1,1,1,0,0,0]
%     z = bx*[0;1;1]
    z = bx*[3;1;1]
end